5 0.200709 0.273243 0.399776 0.541415
2 0.645156 0.465792 0.329491 0.256138
0 0.405522 0.643923 0.182652 0.695412
3 0.135577 0.585903 0.270061 0.354779
0 0.0919403 0.51501 0.183394 0.508516
16 0.964701 0.663332 0.0696875 0.171915
0 0.870335 0.480926 0.122157 0.412029
2 0.501809 0.342466 0.14084 0.0837741
0 0.483702 0.363993 0.0381908 0.147841
2 0.773413 0.346285 0.081539 0.0527068
26 0.510232 0.562573 0.0672996 0.186308
9 0.581064 0.170023 0.0175156 0.0637367
9 0.735511 0.183012 0.011249 0.0323621
24 0.86321 0.384311 0.103821 0.105274
2 0.678525 0.330864 0.12812 0.0401772
1 0.17096 0.902661 0.336247 0.179536
0 0.544412 0.318227 0.0170544 0.0304663
26 0.504883 0.542137 0.0801687 0.227667
1 0.284562 0.866676 0.539915 0.256819
0 0.55864 0.324272 0.0149273 0.0288383
2 0.704983 0.351279 0.192099 0.0836681
0 0.574048 0.323811 0.0178673 0.0476376
9 0.748325 0.183603 0.0132643 0.0336403
1 0.497326 0.865094 0.114779 0.258305
