20 0.826725 0.555132 0.34346 0.411138
20 0.65923 0.628017 0.441965 0.445406
0 0.427207 0.620393 0.0699109 0.216919
0 0.200534 0.670972 0.0709601 0.119325
0 0.383901 0.559932 0.0308245 0.0916439
0 0.0994075 0.743548 0.0727945 0.136586
0 0.342221 0.590839 0.0247644 0.091667
0 0.145602 0.715218 0.0407858 0.0824481
0 0.112462 0.681579 0.0349221 0.0902642
0 0.365663 0.579996 0.0266667 0.0887078
0 0.321914 0.612281 0.0238675 0.0716847
0 0.0502925 0.702955 0.051061 0.162841
24 0.425188 0.600888 0.0399534 0.0836185
0 0.285676 0.615185 0.0290789 0.0782735
0 0.43288 0.525006 0.0139641 0.0393132
