0 0.489648 0.594618 0.248305 0.79327
0 0.607302 0.53179 0.173531 0.622685
0 0.167113 0.615754 0.166431 0.629359
0 0.760541 0.531517 0.158755 0.458998
0 0.259204 0.589924 0.114118 0.427218
0 0.812993 0.471185 0.210401 0.459692
0 0.0168735 0.633507 0.0335612 0.252252
0 0.113992 0.66437 0.104403 0.364477
0 0.948047 0.368793 0.103117 0.590153
0 0.932275 0.461445 0.134667 0.775784
0 0.376895 0.576155 0.0364542 0.151243
0 0.880767 0.454482 0.0424457 0.23082
0 0.678486 0.493545 0.0602951 0.219563
0 0.91082 0.434374 0.086359 0.312474
