2 0.772027 0.951368 0.110675 0.0961539
5 0.399392 0.600958 0.0513212 0.0696626
5 0.36844 0.578416 0.0370941 0.0794291
9 0.270056 0.501853 0.0113781 0.0434977
9 0.403984 0.50822 0.0128982 0.0444582
0 0.581193 0.879645 0.0277798 0.101876
7 0.208856 0.944398 0.104719 0.108613
2 0.404942 0.642214 0.0430956 0.0570378
0 0.0932413 0.806046 0.0230036 0.0957682
0 0.761801 0.840235 0.0267032 0.096265
0 0.86005 0.810294 0.0196575 0.082331
0 0.219629 0.836916 0.034056 0.0947313
5 0.71263 0.637668 0.217702 0.107608
0 0.825808 0.792251 0.0201052 0.0814818
9 0.532463 0.61829 0.0119085 0.0401932
0 0.667388 0.74988 0.0134232 0.0733729
0 0.659687 0.827444 0.0225028 0.077133
0 0.394293 0.802955 0.0208546 0.0864315
0 0.410224 0.799695 0.0189113 0.0910839
0 0.699472 0.755708 0.0233496 0.0754354
2 0.326342 0.57011 0.0195971 0.024926
5 0.918922 0.631022 0.134345 0.0996327
9 0.795609 0.701686 0.0141601 0.0372786
0 0.451081 0.792523 0.0269602 0.0838924
2 0.0600495 0.554432 0.0308759 0.0234682
25 0.627144 0.716657 0.0373098 0.0250885
5 0.797547 0.635351 0.381821 0.104917
3 0.220974 0.858538 0.0297851 0.063609
9 0.519629 0.567061 0.0122131 0.0329841
9 0.503683 0.553508 0.00829906 0.0338552
6 0.796026 0.634723 0.38091 0.106131
2 0.340511 0.541589 0.0156313 0.0251844
