2 0.771916 0.951201 0.110398 0.0956481
5 0.399396 0.600919 0.0513228 0.0696341
5 0.368441 0.578414 0.0370803 0.0794001
9 0.270054 0.501859 0.0113791 0.0435063
9 0.403982 0.50825 0.0129003 0.0444638
7 0.208988 0.944005 0.104336 0.108204
0 0.581137 0.879487 0.0276609 0.101589
2 0.40495 0.642185 0.0431057 0.0570111
0 0.0932596 0.805974 0.023004 0.0956682
0 0.761795 0.840126 0.0267646 0.0963484
0 0.860048 0.810281 0.0196857 0.0823588
0 0.219627 0.836714 0.0339681 0.0944563
5 0.712621 0.637549 0.217677 0.107421
0 0.825814 0.792191 0.0201435 0.0814885
9 0.532469 0.61826 0.0118897 0.0401742
0 0.66739 0.749881 0.0134396 0.0733751
0 0.659703 0.82742 0.0225466 0.0771929
0 0.394282 0.802925 0.020867 0.0865158
0 0.410243 0.79966 0.0189529 0.0910743
0 0.699473 0.755689 0.0233662 0.0754486
2 0.32634 0.570099 0.0195986 0.0248889
5 0.918914 0.630939 0.134322 0.0995223
9 0.795604 0.70167 0.0141389 0.0372829
3 0.220921 0.858246 0.0301316 0.0641007
0 0.451086 0.792445 0.0269587 0.0837961
25 0.627198 0.716634 0.0372409 0.0250307
2 0.0600485 0.554446 0.0308849 0.0234831
5 0.797474 0.635244 0.381944 0.104854
9 0.519631 0.567138 0.0121963 0.0330997
9 0.503684 0.553507 0.008288 0.0338212
2 0.340512 0.541599 0.0156342 0.0251793
0 0.676035 0.846745 0.0224589 0.0474113
