40 0.699751 0.582848 0.112344 0.548751
40 0.0569612 0.522623 0.112009 0.466443
40 0.581469 0.603151 0.116124 0.577999
40 0.927951 0.367401 0.0784958 0.331651
43 0.804654 0.719768 0.158379 0.184593
0 0.448613 0.148473 0.179397 0.295025
41 0.146576 0.714343 0.0958619 0.243514
0 0.898974 0.204217 0.201343 0.405583
45 0.882168 0.690958 0.14712 0.165534
40 0.832123 0.463082 0.0975828 0.418864
0 0.0888344 0.152872 0.14026 0.264281
39 0.245485 0.21348 0.0660587 0.216974
0 0.569683 0.0808385 0.0806536 0.161148
40 0.532565 0.515947 0.0966452 0.462354
41 0.0192822 0.816639 0.0383331 0.230839
40 0.636583 0.473089 0.0916159 0.482712
40 0.364722 0.779409 0.208412 0.436552
40 0.777991 0.393489 0.0865053 0.428652
40 0.267613 0.48509 0.116033 0.369048
0 0.241422 0.153498 0.175152 0.304606
0 0.652073 0.0751511 0.0581057 0.148694
42 0.118687 0.977069 0.0537897 0.0458629
42 0.594179 0.746748 0.206326 0.140793
40 0.34417 0.612098 0.124502 0.466961
42 0.85242 0.529244 0.0381814 0.0758072
40 0.139154 0.298616 0.0579149 0.205207
60 0.498396 0.548324 0.993715 0.884868
40 0.723992 0.233485 0.0669817 0.15567
0 0.393118 0.0747884 0.0650582 0.138719
60 0.498925 0.693534 0.994794 0.575806
58 0.400868 0.30916 0.149346 0.342988
40 0.53561 0.206378 0.0606138 0.115645
27 0.442287 0.193662 0.0554054 0.139294
40 0.139244 0.348254 0.0582809 0.305987
0 0.315853 0.102975 0.067149 0.168641
41 0.177757 0.457586 0.0790291 0.149352
41 0.364831 0.777844 0.209004 0.438888
0 0.0155311 0.150148 0.030775 0.189958
40 0.347526 0.276604 0.0517144 0.202528
