43 0.454278 0.823162 0.658687 0.182708
0 0.594463 0.247812 0.728273 0.492442
53 0.771678 0.607839 0.456148 0.312051
41 0.875753 0.299884 0.184229 0.34122
53 0.57874 0.462165 0.214205 0.112589
42 0.444985 0.342074 0.099822 0.256952
41 0.0937249 0.190746 0.0498575 0.118363
0 0.244675 0.118616 0.170593 0.235322
0 0.0746992 0.120904 0.148607 0.238614
53 0.177364 0.711176 0.353437 0.502494
60 0.500362 0.704707 0.992812 0.590586
60 0.120722 0.276528 0.23982 0.0879747
60 0.120747 0.350369 0.241493 0.210865
0 0.028027 0.120587 0.0556811 0.237108
