5 0.200994 0.274363 0.399304 0.543623
2 0.643678 0.467408 0.329437 0.257415
0 0.0929595 0.511632 0.185353 0.502739
0 0.406237 0.645026 0.182159 0.699805
0 0.870053 0.473097 0.124359 0.403151
3 0.135086 0.572458 0.269898 0.32839
2 0.501344 0.343106 0.144908 0.0801725
16 0.964602 0.662199 0.0696991 0.169706
0 0.488376 0.353888 0.0296008 0.127949
26 0.509704 0.558803 0.0674336 0.191074
9 0.581999 0.168436 0.018618 0.0648575
2 0.774719 0.347111 0.0843531 0.0536466
9 0.735616 0.183404 0.0125315 0.0315617
2 0.678011 0.33144 0.129436 0.0422899
2 0.839772 0.334049 0.0401899 0.0436951
2 0.535063 0.344546 0.0765747 0.0754508
0 0.573879 0.324843 0.0171149 0.0452061
1 0.283449 0.866047 0.564066 0.266342
9 0.733954 0.181946 0.0104073 0.0304206
0 0.559944 0.324766 0.0145678 0.0314457
5 0.957572 0.354027 0.0838642 0.3437
0 0.545084 0.320057 0.0153918 0.0250147
3 0.169492 0.90597 0.336643 0.186309
