0 0.489868 0.597763 0.24653 0.78769
0 0.760015 0.532207 0.162733 0.462572
0 0.608385 0.529541 0.171588 0.614249
0 0.168482 0.616195 0.166477 0.633654
0 0.838558 0.476366 0.167197 0.464923
0 0.262249 0.594488 0.111106 0.436963
0 0.0174698 0.638914 0.0346807 0.265311
0 0.107964 0.63908 0.0903404 0.431807
0 0.914105 0.437192 0.0996075 0.315148
0 0.95594 0.185027 0.0870999 0.227733
0 0.931811 0.731287 0.134571 0.247453
0 0.674972 0.508477 0.0568045 0.249781
0 0.880276 0.457072 0.0473454 0.229643
0 0.37278 0.574682 0.0329139 0.152349
0 0.932385 0.559036 0.13509 0.595698
0 0.0533686 0.631942 0.0413581 0.190203
0 0.418113 0.552253 0.0477663 0.228761
0 0.948807 0.456094 0.101826 0.392276
0 0.946176 0.368737 0.10722 0.593204
